------- PUSH_SWAP -------

TO - DO
	- Make debugger work with makefile
	- Create makefile
	- Change printf function
	- Create algorithm for size < 6
	- Change algorithm to sort until stack_a has 3 elements
	- Norminette and submit
	- Add visualizer

Lists for testing:
	- 3
		ARG="30 1 2"

	- 20
		ARG="16  3 14  5  4 19  6  7 13 17 15 18 12 20  8  2 11  9  1 10"
		ARG="23 24 25 30 1 2 7 8 9 15 16 6"
		ARG="23 24 25 30 1 2 7 8 9 15 16 6"
	
	- 100
		ARG="68   69   50    9   25   53   58   86    1   70   99   87   32  100   95   66   62    8   42   63   48   37   97   46   23   85   61   75   34   20   83   60   35   52   90   21   98   28    2   18   88   89   65    3   72   96   76   19   26   39   14   13   44   47   80   31   94   43   51   67   36   71   33   93   91   11   27   56   29   84   38   92   78   45   12    6   24    4   59   22   10   49    7   40    5   41   57   74   64   55   81   73   79   30   54   17   15   82   77   16"	
		ARG="46   38   63   85   37   27   67   48    9   58   77   96   82   10   97   51   71   64   35   25   86   54   24   57   70   72   90   62   36    8   16   17   30   81   73   61   92   79   44   34   21   75   69   47   55   95   45    3   39   53    7   80   91    6   22   11   15   87   66  100   19   99   88   43    2   83    1   94    5   76   40   29   28   32   50   20   74   49   84   89   23   68   59   93   26   31   33   52   42   41   18   65   60    4   78   14   12   98   56   13"
		ARG="57   75   46   21    4   16   59   93   19   96   30    1   28    9   99   13   86   36   50   76   66    3   55   71    6   62   78   54   73   56   70   15   25    2   23   60   58   92   43   84    7   98   49   89   47   83   95   91   42   81   44    8   22   94   67   40   51   72   24   10   27   52   29   69   88   79   31   80   74   37   85   14   35   97   11   90   65   20   38  100   82   53   77   48   61   41    5   64   17   33   34   26   12   45   32   18   87   39   68   63"
		ARG="71   37   19   99   69   86   25   68   30   29   67   10   44   55    2   62   66   13    1   48   87   36   58   49   70   77   79   11   84   52   78    8   43   74   34   82   54   16   14   80   63   57   27   26    4   21   85   96   56   72   93   46   51    7   47   76   23   61   38   32   53   50   22   24   18   91   15   95   65   41   60   90    6   83   88   92   35   12    3   64   45   28   39   59   42  100   20   17   97   81   89   73   98   75    9   40    5   94   31   33"
		ARG="65   10    3   63   56   36   46   58   14   79   97   48   59  100   94   15   95   88   54   85   50   47   42    1   86   78   35    6   40   33   75   98   22   99   24   28   90   60   37   29   87   49    4   68   38   12   41   19   89   27   83   23   16   73   30   74    8   81   13   76   84   26   66   80    5   96   91   72   77   51   64   70   32   61   17   11   44    9   71    7   43   82   55   20   31   92   25   45    2   34   53   69   21   93   62   52   18   57   39   67"
		ARG="22   62   47   49   44   83   36   24    1   28   39   89   55   42   58   69    2   87   29   66   33   61    3   16   34   51    6   23   82   60    8   13   77   67   46   84   72   26   90   14   76   73   30   56   31   12   20   17   18    9   79   27    5   35   91   94   98   78   59   95   85   15   70   37   41    4   53   21   10   88   74   97   50    7   11   25   65   68   40   54   80   45   96   38   92   86   52   71   48   19   57  100   81   64   75   43   32   63   99   93"
		ARG="20   97   35   63   72   18   33   70    4   92   84   62   53   82   66   80   51   59   45   67   44   48    9   42   38   10    8   30   79    6   65   91   15   68   14   60   43   77   73   81   40   98   26   99   34   96   88   36   75   28   47   56   54   85   83   46   29   61   58   32   74   13   37   95    3   89   94    1    7   19    2   52   49   11   41   27   64   24   93    5   90   25   69   39   17   22   23  100   78   57   86   76   21   31   12   16   87   71   50   55"
		ARG="20   57   72   73   68   45   32   91   36   41    8   79   71   64   13   23   42   95   38   61   90   46   26   97   51   47   30   37   53   75    5   99   11   52   70   81   48   10   14   96   15   80   65    4   84   40   98   88   77   93   82   16   28   67   18   21   66   83   55   49   56    6   50   17    7   39   54   89   22   44    1   60   35   29   62   74   85   43   86   24   58   27   59   94   92   78   19   33    3  100   31   76    9   63    2   34   87   25   12   69"
		ARG="39   44   10   20   45   14   22   66    5   46   18   73   19   99   75   33   28    7   62  100   53   88   74   12   95   38   51   56   78    6   96   59   35   61   98    2   86   15   87   81   11   42   79   32   60   37   17    8   58   41   83   26   67    1   65   54   84   91   82   89   43   64   25   93   92   97   49   55   80   50   57    3   13   23   30   71   90   52   70   16   77   27   85   63   48   34   69   94    9   68   76   40   36    4   21   47   72   29   24   31"
		ARG="14   44   79   97   58   76    7   71   59   68   83   73   12   90   34   67   72   54   95   63   62   24   37   32   99   78   96   49   61   57   38   41   23    9    6   19   53   40   45   52   13   33   28  100   26   21   42   46   11   16   27   88   22   20   60   36   10   30    5   84   85   31    1   94   81   70   91   87   74   51   47    2   18   43    3   35   93    8   48   55   25   15   50   82   98   65   17   64   92   66   39   89   75   86   56   77   29    4   69   80"
		ARG="22   62   47   49   44   83   36   24    1   28   39   89   55   42   58   69    2   87   29   66   33   61    3   16   34   51    6   23   82   60    8   13   77   67   46   84   72   26   90   14   76   73   30   56   31   12   20   17   18    9   79   27    5   35   91   94   98   78   59   95   85   15   70   37   41    4   53   21   10   88   74   97   50    7   11   25   65   68   40   54   80   45   96   38   92   86   52   71   48   19   57  100   81   64   75   43   32   63   99   93"

	- 200
		ARG="-97  38 -61  -3  59 -10  71  75 -16  90  98  84  93 -96  39  77  96 -34 -26 -17 -99  68 -13 -81  61 -66  85 -32  97  25  21 -39  60 -11  28  87  50 -73  29  55  42  -4  79  65 -53 -85 -52  54 -51 -49 -68  33  48  10  88  95 -15  44  13 -25 -94 -28 -56 -47 -86 -48  82  80 -54 -90  35  -9 -33 -29  45 -67  24 -91   2 -76 -82  37 -50  -6 -62 -89 -72  47 -79  56  70  49   8  14  34 -92  74  22  16 -63  23  73 -42  36  15 -45 -93 -44  30 -83   1 -21  83  26  99  -5  92 -87 -22  81 -58  -2 -43 -98 -46  58 -24 -23   6  91   7 -74  40 -80   0 -77 -37  89  78  57 -71 -14 -40 -12 -65 -100  -1 -19  20  51  -8 -38  72  46 -20  86   3 -64 -78  62  -7 -30 -70 -55  11 -69 -88  63  94  27  67 -75   9  66  12  64  32 -41 -35 -57   5 -60 -84  19  76  18 -95  43  69 -31 100 -59 -18  41 -36   4  53  17 -27  31  52"	
	
	- 500
		ARG="138  196   83  493  365   93   45  347   77  211   43  151  447  462  113  415   95  371  263  327    9  357  480  385  107  329  433  173  495  106  193   69  469  399  292  418  436  424  446  163   26  330  458  404  217  383  266   87  386  459  308  199  467   80  256  259  233  235  200  334  269  443  331  118  130  421  188  445   27  264  477   64  315   40  432  147  231  484  319  202   81   86  299   25   96  198  338  491   67  389  297  284  438  208  473  114   31   75  261  397  460   89  126  393   72  213   90  466  223  152  104  234  364  174  450  177  318  230  204  150  203  153  322  170  316  375    7  258  306  144  168  128  411  417  255  358    2  171  406  360  429  109  172   11   49  111   56   59  185   29  423  452  125   32  190  328  129  474  442  276  167   21  226   44   73  186  260  350   92   66  187  414  381  468  270  310   46   60  194  496  321  105  246  348  333  489  155  137  192  236  165  325  136  343  478  382  430  214  112  419    6   39  275  337  311  184  178   82  481   57  220   58   55   10  289  435  158   61  250  409  351  465   42  485  499  441  102  218   91   99  403  298   22   88  355  483   16   18  156  332  123  245  134    4  455  251  387  482  272  374  282  278  470   36  407  408  396  405   41   70  359   98  221   48   62  285  283  164  304  498  268  353  191  344  394  402   23  157  384  461  110  141  119  274  486  312  426  239  439  305  232  356   19  242  145  293  279    5  176  183  243  240  488  431  339  182   84  160  238   13  122  340  295  281   78  392  146   15  267  108  121  487  296  222  179  169  380  206  288  354  416  303    3    1  286  373  476  189  154  224  369   53   74  492  271  390  212  225  444  326  320  195  370  209  253  252  307  420  287  314   37   14   35  237  471   71  395  101  180  335  248  317   63  456  449  149   76  142   28  132  124  127  457  368   12  197  273  103  120  341  377  346  367  143  115  291   79  216   65  323   38   97  290  309  116  425  494  139  398  372  228  140   85  363  166  497  159  342   24  117  162  352  324  131  475  464  427  448   94  301  210  391  205   33  219  247   52  434   54   17  345  201  361  100  412  388  265  241  161  349  463  490  362   50  413  257  249   51  244    8  302  422  376  133  175  379  280   68  401  215   34  262  300  227  294  472  229  440  313   47  453  400  454  366  437  500  428   20  207  254  378  135  277  336  148  451  479  181   30  410"
		ARG="158  315  185  157    8  403  442  350   50  395   17  253  122  328   94  317  407   72   35  493  457   67  141  135  250  248  390  357  313  323  154  477  167  202  286   23  406   55  307  347   58  188  113  190  358  246  402  337  153  464  149   30   62  247   53  480  468  142  193  392  343  425  308  462  386  224    5  255  146  497  316    4  162  258  419  499  353  319  243  127   41  186  364  380  472   38  498  481   71  233  349  348  378  267  238   85  448  213  270  133   11  296  222  219  266  438  183  475  341   79  491  459  298  342  210  100  107  484  259   75  191    1  361   15   13  454   84  423  412  445  346  278   96  151  486   45  121  388  433    6  326  265   39  303   98   34  437   16  374  389  277  236  179  145   14  138  431  320  434   20  383  335   70   27  318  287   29   18  181   86  424  275  254   60  268  232  426  410  207  262  478   40  170  169   12  411  466  171  187   24  176  128   93  356   68  293  408  144  115  264  274  114  241   64  168  177   88   44   32   33   97  489  314  160   87  460   77   25  112  417   95  130  416  422  244  195  444   81  496  354  252  239  192  363  200  377  165  110  474  221   74  178  182  276  123  450   57  231  217  415  279  280  394  175   37  119  269  212  147  272  458  184   21  429  216  456  108  465  294  197  325  117  345   54  435  295  172  360  479  260   82  237  482  218    3  163  330  385  134  404   28  116  203  230  205  321   10   31  414  150  494  139  329  292   56  291   69  467  372  201   59  235  365  488  214  263  251  229  125   80  283  271  470  152  430  131  297  432   36  273  455  208  371  447  120  155  399  161  443  140  428  331  446  366  322  421  382   22  173  290  249   47  166  309  257  327  211  129  228  397  106  311  324  352  469  405  196    2  398  299  370   76  306  373  334  471  440  137  441  473  396  375    7  226   42  256  495  198  449  355  381  427  413  174  101  451  476  204   78  500  368  136  206   91  332   52  143  340  333  220  301   46  289   49  104  453  156   99  284  461  124   26  126  199   43  384   48  305  336  302  312  483  463  159  436  234  418  285  359  376  351  111  387  103  215   65  194  261  391  401   83  225  338  304  367  310  223  282   90  242  393   89  452   66  105  362  492  490  400   61    9  300  118  148  109  209   73  439   19  369  180   63  102  487  132  288  189  164  245  409  485  240  379  281  344  227  420   92  339   51"
		ARG="325   82  443  250  272  474  182  396  495  445  496    5  427  238  322   91  488   86  329   58   53    8   66  319  270  164  430  252  114  480  487  382  287  102   87  125   12   99  458   73  151  400  489  206  494  455  273  456  421  304   75  314   98  141  380  464   50  366  294  209   34  493  284  185    4  128  441  281  323   35  346  378  415  261  253  418  308  324  410  374  292   95   39  130  411  109   43  483  148   74  115   52  221  413  420  303   23   22  373  223  293  375   63   81   49  437   76  312  111  357  196  468  486  103  399   72  291  101  147  369  211   64  377  429  236  328  391  449  249  230  310  446  484   93  372  202  431  189  166   40  232  117  344  255   28  165  385  348  469  150  286  478   33  267  195  218  210   41  173  453   24  119  197  500  457  207    2  108  242   13  313  215  235  112   25   10  476  432  406  392  299  359   54  371  424   94   46  122  340  394   60  161   27  192  472  200  462  341  481  471  155  135  113   79   55  254  124  251  240  423  274    3   30   83  126  248  438  388  258  459  118  361  398  370  450  263  246  241  448  180  368  367  259   85   65  247  477  100  176  297  331  154  491  419   67  212  278  228  216  311  295   84  356  342  345  338  157   19   17  440  204  352  336  354  134  305  156  282  467  436  153  318  461  184  220  260  145  321  414  381   78  316  447  402   38  422  317   42  120  217  405  123  116   89   32   31  334  142  485  233  277  482  296  152  264  302  172   44  175  290  351   36  279  229  271   18  205  416  350  454  144  408  384  451  227  137   77  358  473  256  105  349  169  283  222  362  163  188  183  193  335  159  275    6  146  289  276  333    9   70  301  315   47  177  203  178  390  326   11  463  136  138  158  132  269  201  435  280  364   80   45  330  266  499   88  106  191  337  174  497  403  339  149   92   37  389  214  181  225   62  129  475  288  343  365   29  376  127   69  213  262  355  199   16   56  395  360  306  143   20   90  198  387  160  452  404  171  490   51  139  434  257  190  245  353  393  187  268  433  186  332  121   97  168  492  104  231  479   59  133  219  110  379  239  327  460  407   26  466  162  224  425  131  401   15  498  386   61    1  167  234  244  412  417  444  439  298   57   14  383  170  226  300  363  265   21  208  426  428   48  309  307  442  243    7  237   96  194  179  347  140   71  397  465  409  285  320   68  107  470"
		ARG="300   44  181  322  227  370  352    8    6  209   14  378  330  213  309  177  357   83  184   85  120  433  130  435  190   12  247  139  428  149  298   39  256  441   23  288  222  453  454  439  287  383  296  486   64  344   40  201  477   77  242  228   96  359  254  292   37  103   16   22  337  211  179  413  205  473  307  106  355  340   53  331  276  207  310  410  334  376  396  218   58  338  108  362  471   98  109  401  186  183  224  206   48  137  165  341   59  365  328  164  123  220  342  450  475   17    7  314   19  425  116  406  246  107  479  229  212   50  140  373  238   26  197  193  100  145  113  438  241  347  170  350  259   21  348  264  387  431  417  360   91  336  185  491  136  353   49  261   42  178  356  313   69  316  368  407  323  390   67  432  363  404  466  290   46  474   13  273  285  464   94  160  223  255  358  265  385  405  445   52   82  156  230   11   61  326  485   54  452  173   56  500  409  457  297  399  306  235  371   57  419  393  472  416  469  437  134   92  333   71  392  111  216  257  250  447  284  169  351   51  414    2  301  446   24  226  198  434  463  277   66  152  482  465  493  262  389  188   93  494  498  269  321  430  251  129  398  202  418  131  299  142  420   95  249  394  380  263   35   65  199  274   36   38  194  219  302  144  208  221   10  217  171  429  204  460  386  237  180  192  427  422  275  367  468  369  210   80   88  132  488  495   68  252   31   74  270  105  101  122  138  248  391  286  159  346  345  161  481  167   60  476  492  436  317  150  154  157  176  449    4   34  168  158  339   27  282  462  381  456  146  379   70  470  147  215  126   41    9  487  114  104    1  311  397   73  444  121  304  240   63   30  455  440  283  267   87  162  424  163  400  172  271  135   81  374   86  236   18  127  203  325  294  182  478  214  110  200   90  442  289  384  189   72  305  467  281  174  489   15  480   62  318  153   20  315  243  278  175  496  329  239   84  320  280  375   25  293   45  366  196  335  143  151  497  312  125   99  403   76  187  295  128  133  327   55  102  260   79  364  117  415   28  361  234  268  412  244  402  253  372  426   89  411   75  484  119  245   32  349   43  451  423  195  421  191  443  354  258  141  395  382  279  377  332  458    5  448  115  266  291  225   29  490   97   47  124  483    3  231  303  459   78  112  233  408  148   33  324  388  461  499  155  272  308  166  232  343  319  118"
		ARG="342  330   26  311   25  275  352   87  406   13  166  231   43   80  396  312    7  112  241  389   94   72  405  395  124  398  305   84  289  173  436  139  176  346  362  383  496   53  199  122  117  340  339  303  283  379   42   27  292  295  185  175  435   57  271  469   79  161  453  467  243  377  192  163  463  485  150  296  410  104  189  493   81  443  128   11  111   89  247  468   32  107  341  165  421  140  126  212  394  280  191  136  265  259   33   93  314   40  459   90  130  445   70  152  216  127  310  484  258  386  365  206  355   97  423  138  391  380  205  228  446  230  399  102  331  494   52  375  449  299   14  171   28  244  471  201  415  438  297    9  262  252  220  345  402  328  260  223  419  197  167  316  178  183  452  290  431  187  359  308  322  327  129  397  495  360  378  263  329  356   67  464  154  498   78    1  319  358  430   62  332   74  153  413  227  273  251  253  465  354  384  151    3  313  105  211  343  439   92  143  158  487  426  444  417  208  222   91  279  219  473   35  146   75  373  333  123   20  420  215  323  196   65   56  246  115  434  195    4  371   45  424  174   68  157  370  372  374  441  366  411  269  242  451  409  284  100   17  200   10  458  172  190  282  118  351   41   19  300  400  414  226  357   22  470  134   66  114  119  309  392  261  257  490  301  272  229  353  236  412  497  456  113  348   30   34  147  336  103  492  320   82  307  209   18  367  480  266    6  217  256  418   58   59  481  198  454  240  455  179   47  475  499  106   55  203  422  234   46  285   48  255  286   76  382  344  182   63  315  482   99  447  268  131  274  318  135   73  291   24  404  281    5  321   77  149  491   44  159  388  376  306  133   86  403  363  155  110  145  239  433  338  248  132  276   38  347   29  245   36  148  325  381  277  125   85  334  440  254  460  427  194  238  235  267  472  141  120    2  369  350  202  317  181  364  390  137  461   71  270   83  474   23  368  429  169  160  264  432  385   31  162  184   39   96  144  186  116  450  218  466  193   69  224  108  204   50  428   12  488  483  477  437  457  109   88  335  288  210  337  489  408  416   95  500  233  177  294    8  249  476   16  326   37  101  121  287  156  250  349  168   21  462  221   61   64  237  207  170  214  393  278  213  164  232  180  407  425   15  302  298  401   51  293  448   60  324  486   49   54  478  304   98  361  442  387  188  479  225  142"
		ARG="4  181  438   12  364  225   94  275  408   34   31  120  224  216  196  343   24  276  326  273    8  231  189  278  201  195  281   17  374  444  206   22  239  410  407   42   63  393  307  139  440  484  401  371  352  174  469  143  458  319  187  159   35   43   50  486  491  415  335  427  258  482    9  472  144   48   90   29  268   13   23  310   77  118  359  249  152   18  419  400   83   66  287  229  356  428  197  325  254  421   96  422  429  163  284   58   53  103   25  241  290  466  479  242  177   26  277  405   51  194  129  481  377  184  180   28  437   36  182  340  252  490  360  367  452   21  289  210  222  424  165  169  191  292  442  439  228  170  435  403  389  369   20  212  309   84  261  217    6   55   86  135  380  248   95    7  146  328  478  402  396  232  398  411  173  330   98  495  101   44  456  461  459  497  185   33  111  436  373   89  308  116  492  131  172  220  271  113   37  460  183  215  130   91  349    5  341  445   47  399  406   82   49  449  384  375  218  423  168  153  157   67  453  123  311  299  164  418  431   85   15  247   92  489  147  167    1  110   57  238  457   72  443  370  237  475  446  321  121  294  337  322  345  136  387  199  394  124  353  145  190  348   64  468  134   61  464  285  102  235  454  450  416   69  397  100  354  372  298  227   81  303  253  476  221  259  355  251  156  324  288  350  132  207  204  151  488  176  264  255  270  104  368  109  125  162  265   88   32  150  296  333   30  462  483   76  302  473  470  500  315  379  234  331  420  243  493  336  385  149   74   71   10  434  297   14  127  211   73  236   54  122  171  448  404  477  193  188  316  291  200  137  323  430   40   93  386  166  246  392  467   78  256  286  441  214  339  365  250  138  158  160  390  366  451   45  178  358  485  209  494  282  487   11  381  498  203  305   79  425  426  262  279  433  432  148  314   70  233  198   97  329  161  295   65  357  208  363  382  351  361  474  175  301  141  154  106  266  334   27  202  257  465  219  409  293  306  300  115   52   38  179  117  133  395  269  240  105    2  320   16  230  417  383  140  414  388  455   62   75  499  496  378  412  318  376  155  342  471  112    3  344  283  391   46  480  338   56  226  463  313   80   39  447  114  107  142   68   87  192  317  108   41  274  260   19  312  126  327  347  119   99  213  128  332  205  186  272  413   59  362  244  223   60  263  346  304  245  267  280"
		ARG="186  242  374  267  396  280  215  361  326  239  347  373   24  303  240  144  297  196    2  170   39   77  343  273  167   30  409   40   82  146  384   84  106  349  300  295  382  480  117  403  395   65  107  342   14  330   48  213  466   45  358  397  255  499  187  465  327  101  194  319   56  230  428  138  445   50  284  372  464  388  216  130  211  312  132  160  318   38  408  249  270  478   70   49  425  469  353  344  257  387  323  236  407  228  111  457  131    9  209  201  356   10  221  452  166  120   81  440  328  317   96  149   61   36  294  256  335  381  498  309  365  399  227  306  251  278   53  453  165   67  390  414  254   93   55  316  113  274  238  208   51  136   99  474  269  157  253   71  276   98  237  450  210  271  128  481  458  285   86  299  400  305  424  406   87  252  135  471  212   22  282   20  487  389  260  108  225  123  436  125  383  145   37  102   16  164   12  174  380  181  116  475  459  245  163  472  200  217    5   42  292  322  412  494  279  105   76  477  218  277  169  497  234   66  235  451  362   11  336   97  142  460    7  179  175   90  205   29  339  455  204  219   17  352  351   54  418  298  247  449  265  180  359  232  293  500  311   28  100   94  426  320  429  266  226  468  461  371  488  224  262  139  287  177  334  486  332  348  202  263  178  207  264  473  491   26  133  223   91  151  127  443  404  150  377  416  479  155  413  183   75  324   23  420  182  438  275  126  421  288   35  121   69   13  430  122  441  484  401   27  346  446  148   85  301    6   43   46  313   44  427    8   25  189  360  333  261  378  431  411  375  158  152  203  394  259  437  417  161  363  376  176  250  331   47   21   89   58  268   72   33  341  367  141   59    1  310   18  393  286  137  355  391  447  229  103  398  456  195  302  482  345   52  490  435  193  191  222  110  143   88   78  241  354   19  197  246  357  109  467  364  485  173  231  185   57  291  493  492  281  448  188  112  329  156  296  369  405  454  370  154   31  198  159  162  338  415  124  476  433   80  214  172  462  379  434  220   79  184   64  233   62  442  392  119   92  423  495   41  104  496  410  325    3  153   63  385  315  134  283  444  470   60  114  258  402  192  190  483  289  350  366  489   73   34  419  386  118   83  463   15  168  432   32   68  439  321  304  308  243  147  368  171  290  199  422  140  272  244  129   95    4   74  340  115  206  314  337  307  248"
		
	--
--